100
491.71200 1.04183 1942.10375
1.00 3.913 325.6
356.00000 2.00000 373.00000
423.0 3.0 1278.0
500.00 2.41237 562.28
14.4686 1.74537 2000.0000
490.99812 1.14431 1936.68296
496.82573 1.05610 1934.54963
228.98275 1.67846 842.49159
407.0 2.37 1.0000
494.85593 1.45876 1934.28370
17.99 3.15693 86.76875
491.42876 1.43044 1987.64296
1.01400 3.72449 1999.92531
493.79296 1.29949 1997.08572
357.00000 3.00000 363.00000
490.82161 1.25091 1999.91726
351.72619 2.15796 1370.54361
495.66682 1.08304 1998.02029
490.41769 1.34175 1959.01530
48.96290 1.0 1444.11
497.71264 1.00987 1969.46967
389.66902 1.89992 441.61945
429.57936 2.24792 988.99212
169.00000 2.00000 338.00000
167.66176 1.53789 84.57681
353.0 4.0 262.0
344.4644 1.0 1757.1955
498.59726 1.27791 1983.99088
493.22297 1.41398 1981.79659
63.64389 1.19249 1581.95491
494.02201 1.00995 1960.40380
167.63369 3.65754 66.73870
255.0 1.0 705.0
11.34 3.009 925.2
431.74155 2.72572 460.04274
357.0 4.0 69.0
430.95946 2.53165 1846.97603
366.0 3.0 1509.0
447.37068 2.64304 1187.37565
405.244 1.50495 1228.87330
79.20642 2.57855 96.61080
1.00777 3.46902 1999.20735
369.1 2.48827 713.7
368.00000 2.00000 736.00000
360.429 2.4304 1653.2
384.0 1.0 1879.0
356.03741 1.32106 1549.33253
181.0 4.0 145.0
384.16 1.1 1146.8720
491.29896 1.39730 1960.11480
142.0 4.0 1507.0
345.00000 4.00000 374.00000
103.0380 3.1 543.78899
494.19524 1.29069 1971.35475
498.09971 1.20586 1978.70532
469.53663 3.57903 1101.57517
497.85370 1.49996 1998.34375
496.12557 1.27591 1933.91885
356.26573 1.869 1660.439
74.00000 2.00000 148.00000
495.92089 1.10706 1973.02679
141.08892 3.65046 98.93310
494.01883 1.34530 315.90750
493.62885 1.28246 1934.34126
2.78333 3.23883 1263.98286
15.98078 1.0 33.204
491.24521 1.36172 1994.40851
490.95490 1.47146 1994.46295
256.11539 3.62272 602.19805
493.38743 1.26329 1971.22996
98.0 4.0 297.0
295.0 4.0 1903.0
492.14658 1.48243 1970.30358
429.0 3.0 18.0
177.87355 3.43612 1676.05650
385.40 4.00 1755.8
135.00000 2.00000 270.00000
490.87733 1.28282 1983.03467
1.02796 3.44644 1999.57662
490.40621 1.05801 1932.26481
492.06382 1.43388 1951.30961
228.0 2.0 717.0
495.86778 1.13322 1984.93313
208.61766 3.77697 797.98015
496.48326 1.01510 1960.94990
497.62242 1.45118 1929.38505
493.75627 1.10140 1931.49488
55.0 2.232 810.37676
491.45159 1.38416 1954.95359
11.12528 2.61669 1916.27097
490.38470 1.40663 1951.91752
493.51309 1.04084 1991.58189
494.23312 1.29626 1915.54345
1.36959 2.92718 2.47938
261.7 2.63 532.3
1.01838 3.00258 1999.40997
271.0 4.0 932.0
99.5 3.7792 1883.0
388.00000 4.00000 422.00000
